0 0.435303 0.0248819 0.0644051 0.0487012
0 0.813746 0.277991 0.0542061 0.0724973
0 0.0246994 0.645934 0.0493989 0.0554205
0 0.228028 0.290657 0.0511647 0.104079
0 0.706992 0.568307 0.0746102 0.0914406
0 0.317374 0.286679 0.0610373 0.039428
0 0.213477 0.134912 0.0292771 0.0316228
0 0.495224 0.761522 0.0255373 0.0291278
0 0.0375638 0.2565 0.0746858 0.0817138
0 0.50533 0.462037 0.0360419 0.0427751
0 0.0791352 0.685644 0.0378128 0.0417842
0 0.231107 0.295895 0.0393611 0.0934642
0 0.385034 0.348724 0.0277161 0.046796
0 0.506394 0.46302 0.0301614 0.034603
0 0.584626 0.477722 0.0307769 0.0464346
0 0.922997 0.292296 0.0335812 0.0476677
0 0.762025 0.865599 0.0425797 0.0472473
0 0.242901 0.504181 0.0409469 0.0392617
