0 0.234866 0.028378 0.0540573 0.0528614
0 0.465531 0.870051 0.0992965 0.0745551
0 0.875315 0.454888 0.108587 0.0850207
0 0.623546 0.545282 0.0606653 0.0666194
0 0.481494 0.711337 0.0558355 0.0597676
0 0.67421 0.622594 0.0376421 0.0725008
0 0.768682 0.978116 0.0410549 0.0381479
0 0.21244 0.462026 0.0319841 0.0369904
0 0.107313 0.746655 0.0654349 0.0513081
0 0.251833 0.629047 0.0314429 0.0444227
0 0.078293 0.285469 0.0407528 0.0416951
0 0.501187 0.527254 0.032781 0.0335355
0 0.120919 0.0846125 0.0321014 0.0389813
0 0.407558 0.230169 0.032498 0.0316795
