0 0.694209 0.0460725 0.0786942 0.0858857
0 0.0543653 0.651448 0.0575064 0.0677811
0 0.0395602 0.95069 0.0790773 0.0922948
0 0.763826 0.120025 0.0590016 0.0782617
0 0.764351 0.803865 0.0754804 0.110155
0 0.573655 0.577414 0.0393198 0.0504129
0 0.429867 0.0801512 0.0523181 0.0540704
0 0.140843 0.277483 0.0610698 0.110232
0 0.883005 0.389735 0.0367664 0.044593
0 0.210728 0.462543 0.0335001 0.041765
0 0.39906 0.435854 0.0338407 0.0417037
0 0.137237 0.257445 0.0531442 0.0696015
0 0.833256 0.259588 0.0476825 0.0471423
0 0.575372 0.57628 0.0481495 0.0645038
