0 0.0789993 0.299063 0.0758446 0.0618041
0 0.551112 0.337275 0.0966523 0.0707308
0 0.792272 0.809157 0.083568 0.0755213
0 0.628143 0.0493147 0.0647655 0.0601414
0 0.894497 0.676989 0.063632 0.075309
0 0.290289 0.215604 0.0462632 0.0595753
0 0.885405 0.303289 0.0682938 0.0701383
0 0.174242 0.390159 0.0791787 0.0678956
0 0.783977 0.893848 0.0918701 0.0754666
0 0.0144861 0.911919 0.0289722 0.0852327
0 0.257369 0.352373 0.0371802 0.0359808
0 0.130309 0.976255 0.0608673 0.0413801
0 0.145488 0.245957 0.0541143 0.0489303
