0 0.572143 0.627267 0.0556674 0.094742
0 0.119254 0.356125 0.0569906 0.0609029
0 0.960192 0.376749 0.0636848 0.080525
0 0.728107 0.0245243 0.0586748 0.0445736
0 0.637067 0.434517 0.0415594 0.0427879
0 0.976053 0.609015 0.0415981 0.0441988
0 0.171484 0.487988 0.069161 0.0734673
0 0.931464 0.666424 0.0734947 0.100062
0 0.0761205 0.062572 0.12837 0.124923
0 0.12771 0.949182 0.0470997 0.0532019
0 0.883016 0.749048 0.0872463 0.0658278
0 0.636078 0.974702 0.134997 0.0435638
0 0.60427 0.985373 0.0527116 0.0201144
0 0.433861 0.857862 0.0719718 0.0615407
